   1.0588235e-01   1.7254902e-01   3.8431373e-01
   1.0588235e-01   1.8039216e-01   3.9607843e-01
   1.0980392e-01   1.8431373e-01   4.0000000e-01
   1.0980392e-01   1.8431373e-01   4.0392157e-01
   1.0980392e-01   1.8823529e-01   4.1176471e-01
   1.0980392e-01   1.9215686e-01   4.1568627e-01
   1.0980392e-01   1.9607843e-01   4.1960784e-01
   1.0980392e-01   2.0000000e-01   4.2745098e-01
   1.1372549e-01   2.0392157e-01   4.3137255e-01
   1.1372549e-01   2.0784314e-01   4.3529412e-01
   1.1372549e-01   2.1176471e-01   4.4313725e-01
   1.1372549e-01   2.1176471e-01   4.4705882e-01
   1.1372549e-01   2.1568627e-01   4.5098039e-01
   1.1372549e-01   2.1960784e-01   4.5882353e-01
   1.1764706e-01   2.2352941e-01   4.6274510e-01
   1.1764706e-01   2.2745098e-01   4.6666667e-01
   1.1764706e-01   2.3137255e-01   4.7450980e-01
   1.1764706e-01   2.3529412e-01   4.7843137e-01
   1.1764706e-01   2.3529412e-01   4.8235294e-01
   1.1764706e-01   2.3921569e-01   4.9019608e-01
   1.2156863e-01   2.4313725e-01   4.9411765e-01
   1.2156863e-01   2.4705882e-01   4.9803922e-01
   1.2156863e-01   2.5098039e-01   5.0588235e-01
   1.2156863e-01   2.5490196e-01   5.0980392e-01
   1.2156863e-01   2.5882353e-01   5.1372549e-01
   1.2549020e-01   2.6274510e-01   5.2156863e-01
   1.2549020e-01   2.6274510e-01   5.2549020e-01
   1.2549020e-01   2.6666667e-01   5.2941176e-01
   1.2549020e-01   2.7058824e-01   5.3333333e-01
   1.2549020e-01   2.7450980e-01   5.4117647e-01
   1.2549020e-01   2.7843137e-01   5.4509804e-01
   1.2941176e-01   2.8235294e-01   5.4901961e-01
   1.2941176e-01   2.8627451e-01   5.5686275e-01
   1.2941176e-01   2.8627451e-01   5.6078431e-01
   1.2941176e-01   2.9019608e-01   5.6470588e-01
   1.2941176e-01   2.9411765e-01   5.7254902e-01
   1.2941176e-01   2.9803922e-01   5.7647059e-01
   1.3333333e-01   3.0196078e-01   5.8039216e-01
   1.3333333e-01   3.0588235e-01   5.8823529e-01
   1.3333333e-01   3.0980392e-01   5.9215686e-01
   1.3333333e-01   3.0980392e-01   5.9607843e-01
   1.3333333e-01   3.1372549e-01   6.0392157e-01
   1.3333333e-01   3.1764706e-01   6.0784314e-01
   1.3725490e-01   3.2156863e-01   6.1176471e-01
   1.3725490e-01   3.2549020e-01   6.1960784e-01
   1.3725490e-01   3.2941176e-01   6.2352941e-01
   1.3725490e-01   3.3333333e-01   6.2745098e-01
   1.3725490e-01   3.3725490e-01   6.3529412e-01
   1.3725490e-01   3.3725490e-01   6.3921569e-01
   1.4117647e-01   3.4117647e-01   6.4313725e-01
   1.4117647e-01   3.4509804e-01   6.5098039e-01
   1.4117647e-01   3.4901961e-01   6.5490196e-01
   1.5294118e-01   3.6470588e-01   6.6666667e-01
   1.5686275e-01   3.7254902e-01   6.7058824e-01
   1.6078431e-01   3.7647059e-01   6.7450980e-01
   1.6470588e-01   3.8431373e-01   6.7843137e-01
   1.6862745e-01   3.8823529e-01   6.8235294e-01
   1.7254902e-01   3.9607843e-01   6.8627451e-01
   1.7647059e-01   4.0000000e-01   6.8627451e-01
   1.8039216e-01   4.0392157e-01   6.9019608e-01
   1.8431373e-01   4.1176471e-01   6.9411765e-01
   1.8823529e-01   4.1568627e-01   6.9803922e-01
   1.9215686e-01   4.2352941e-01   7.0196078e-01
   1.9607843e-01   4.2745098e-01   7.0588235e-01
   2.0000000e-01   4.3529412e-01   7.0980392e-01
   2.0392157e-01   4.3921569e-01   7.1372549e-01
   2.0784314e-01   4.4705882e-01   7.1764706e-01
   2.1176471e-01   4.5098039e-01   7.2156863e-01
   2.1568627e-01   4.5490196e-01   7.2549020e-01
   2.1960784e-01   4.6274510e-01   7.2941176e-01
   2.2352941e-01   4.6666667e-01   7.3333333e-01
   2.2745098e-01   4.7450980e-01   7.3725490e-01
   2.3137255e-01   4.7843137e-01   7.4117647e-01
   2.3529412e-01   4.8627451e-01   7.4509804e-01
   2.3921569e-01   4.9019608e-01   7.4901961e-01
   2.4313725e-01   4.9803922e-01   7.5294118e-01
   2.4313725e-01   5.0196078e-01   7.5294118e-01
   2.4705882e-01   5.0588235e-01   7.5686275e-01
   2.5098039e-01   5.1372549e-01   7.6078431e-01
   2.5490196e-01   5.1764706e-01   7.6470588e-01
   2.5882353e-01   5.2549020e-01   7.6862745e-01
   2.6274510e-01   5.2941176e-01   7.7254902e-01
   2.6666667e-01   5.3725490e-01   7.7647059e-01
   2.7058824e-01   5.4117647e-01   7.8039216e-01
   2.7450980e-01   5.4509804e-01   7.8431373e-01
   2.7843137e-01   5.5294118e-01   7.8823529e-01
   2.8235294e-01   5.5686275e-01   7.9215686e-01
   2.8627451e-01   5.6470588e-01   7.9607843e-01
   2.9019608e-01   5.6862745e-01   8.0000000e-01
   2.9411765e-01   5.7647059e-01   8.0392157e-01
   2.9803922e-01   5.8039216e-01   8.0784314e-01
   3.0196078e-01   5.8823529e-01   8.1176471e-01
   3.0588235e-01   5.9215686e-01   8.1568627e-01
   3.0980392e-01   5.9607843e-01   8.1568627e-01
   3.1372549e-01   6.0392157e-01   8.1960784e-01
   3.1764706e-01   6.0784314e-01   8.2352941e-01
   3.2156863e-01   6.1568627e-01   8.2745098e-01
   3.2549020e-01   6.1960784e-01   8.3137255e-01
   3.2941176e-01   6.2745098e-01   8.3529412e-01
   3.3333333e-01   6.3137255e-01   8.3921569e-01
   3.3725490e-01   6.3921569e-01   8.4313725e-01
   3.4117647e-01   6.4313725e-01   8.4705882e-01
   3.5294118e-01   6.5098039e-01   8.5098039e-01
   3.5686275e-01   6.5490196e-01   8.5490196e-01
   3.6078431e-01   6.5882353e-01   8.5490196e-01
   3.6862745e-01   6.6274510e-01   8.5882353e-01
   3.7254902e-01   6.6666667e-01   8.6274510e-01
   3.7647059e-01   6.7058824e-01   8.6274510e-01
   3.8431373e-01   6.7450980e-01   8.6666667e-01
   3.8823529e-01   6.7843137e-01   8.6666667e-01
   3.9215686e-01   6.8235294e-01   8.7058824e-01
   4.0000000e-01   6.8627451e-01   8.7450980e-01
   4.0392157e-01   6.9019608e-01   8.7450980e-01
   4.1176471e-01   6.9803922e-01   8.7843137e-01
   4.1568627e-01   7.0196078e-01   8.7843137e-01
   4.1960784e-01   7.0588235e-01   8.8235294e-01
   4.2745098e-01   7.0980392e-01   8.8627451e-01
   4.3137255e-01   7.1372549e-01   8.8627451e-01
   4.3529412e-01   7.1764706e-01   8.9019608e-01
   4.4313725e-01   7.2156863e-01   8.9019608e-01
   4.4705882e-01   7.2549020e-01   8.9411765e-01
   4.5098039e-01   7.2941176e-01   8.9803922e-01
   4.5882353e-01   7.3333333e-01   8.9803922e-01
   4.6274510e-01   7.3725490e-01   9.0196078e-01
   4.6666667e-01   7.4117647e-01   9.0196078e-01
   4.7450980e-01   7.4509804e-01   9.0588235e-01
   4.7843137e-01   7.4901961e-01   9.0980392e-01
   4.8235294e-01   7.5294118e-01   9.0980392e-01
   4.9019608e-01   7.5686275e-01   9.1372549e-01
   4.9411765e-01   7.6078431e-01   9.1372549e-01
   4.9803922e-01   7.6470588e-01   9.1764706e-01
   5.0588235e-01   7.6862745e-01   9.1764706e-01
   5.0980392e-01   7.7254902e-01   9.2156863e-01
   5.1372549e-01   7.7647059e-01   9.2549020e-01
   5.2156863e-01   7.8039216e-01   9.2549020e-01
   5.2549020e-01   7.8431373e-01   9.2941176e-01
   5.2941176e-01   7.8823529e-01   9.2941176e-01
   5.3725490e-01   7.9215686e-01   9.3333333e-01
   5.4117647e-01   7.9607843e-01   9.3725490e-01
   5.4901961e-01   8.0392157e-01   9.3725490e-01
   5.5294118e-01   8.0784314e-01   9.4117647e-01
   5.5686275e-01   8.1176471e-01   9.4117647e-01
   5.6470588e-01   8.1568627e-01   9.4509804e-01
   5.6862745e-01   8.1960784e-01   9.4901961e-01
   5.7254902e-01   8.2352941e-01   9.4901961e-01
   5.8039216e-01   8.2745098e-01   9.5294118e-01
   5.8431373e-01   8.3137255e-01   9.5294118e-01
   5.8823529e-01   8.3529412e-01   9.5686275e-01
   5.9607843e-01   8.3921569e-01   9.6078431e-01
   6.0000000e-01   8.4313725e-01   9.6078431e-01
   6.0392157e-01   8.4705882e-01   9.6470588e-01
   6.1176471e-01   8.5098039e-01   9.6470588e-01
   6.1568627e-01   8.5490196e-01   9.6862745e-01
   6.2745098e-01   8.5882353e-01   9.6862745e-01
   6.3137255e-01   8.6274510e-01   9.6862745e-01
   6.3921569e-01   8.6274510e-01   9.6862745e-01
   6.4313725e-01   8.6274510e-01   9.6862745e-01
   6.4705882e-01   8.6666667e-01   9.6862745e-01
   6.5098039e-01   8.6666667e-01   9.6862745e-01
   6.5490196e-01   8.7058824e-01   9.6862745e-01
   6.5882353e-01   8.7058824e-01   9.6862745e-01
   6.6274510e-01   8.7058824e-01   9.6862745e-01
   6.6666667e-01   8.7450980e-01   9.6862745e-01
   6.7450980e-01   8.7450980e-01   9.7254902e-01
   6.7843137e-01   8.7843137e-01   9.7254902e-01
   6.8235294e-01   8.7843137e-01   9.7254902e-01
   6.8627451e-01   8.7843137e-01   9.7254902e-01
   6.9019608e-01   8.8235294e-01   9.7254902e-01
   6.9411765e-01   8.8235294e-01   9.7254902e-01
   6.9803922e-01   8.8627451e-01   9.7254902e-01
   7.0196078e-01   8.8627451e-01   9.7254902e-01
   7.0588235e-01   8.8627451e-01   9.7254902e-01
   7.1372549e-01   8.9019608e-01   9.7254902e-01
   7.1764706e-01   8.9019608e-01   9.7254902e-01
   7.2156863e-01   8.9411765e-01   9.7254902e-01
   7.2549020e-01   8.9411765e-01   9.7254902e-01
   7.2941176e-01   8.9803922e-01   9.7254902e-01
   7.3333333e-01   8.9803922e-01   9.7254902e-01
   7.3725490e-01   8.9803922e-01   9.7254902e-01
   7.4117647e-01   9.0196078e-01   9.7254902e-01
   7.4509804e-01   9.0196078e-01   9.7254902e-01
   7.5294118e-01   9.0588235e-01   9.7254902e-01
   7.5686275e-01   9.0588235e-01   9.7254902e-01
   7.6078431e-01   9.0588235e-01   9.7254902e-01
   7.6470588e-01   9.0980392e-01   9.7254902e-01
   7.6862745e-01   9.0980392e-01   9.7254902e-01
   7.7254902e-01   9.1372549e-01   9.7254902e-01
   7.7647059e-01   9.1372549e-01   9.7254902e-01
   7.8039216e-01   9.1372549e-01   9.7254902e-01
   7.8823529e-01   9.1764706e-01   9.7647059e-01
   7.9215686e-01   9.1764706e-01   9.7647059e-01
   7.9607843e-01   9.2156863e-01   9.7647059e-01
   8.0000000e-01   9.2156863e-01   9.7647059e-01
   8.0392157e-01   9.2156863e-01   9.7647059e-01
   8.0784314e-01   9.2549020e-01   9.7647059e-01
   8.1176471e-01   9.2549020e-01   9.7647059e-01
   8.1568627e-01   9.2941176e-01   9.7647059e-01
   8.1960784e-01   9.2941176e-01   9.7647059e-01
   8.2745098e-01   9.2941176e-01   9.7647059e-01
   8.3137255e-01   9.3333333e-01   9.7647059e-01
   8.3529412e-01   9.3333333e-01   9.7647059e-01
   8.3921569e-01   9.3725490e-01   9.7647059e-01
   8.4313725e-01   9.3725490e-01   9.7647059e-01
   8.5098039e-01   9.4117647e-01   9.7647059e-01
   8.5098039e-01   9.4117647e-01   9.7647059e-01
   8.5490196e-01   9.4117647e-01   9.7647059e-01
   8.5882353e-01   9.4509804e-01   9.8039216e-01
   8.6274510e-01   9.4509804e-01   9.8039216e-01
   8.6274510e-01   9.4509804e-01   9.8039216e-01
   8.6666667e-01   9.4509804e-01   9.8039216e-01
   8.7058824e-01   9.4901961e-01   9.8039216e-01
   8.7450980e-01   9.4901961e-01   9.8039216e-01
   8.7450980e-01   9.4901961e-01   9.8039216e-01
   8.7843137e-01   9.5294118e-01   9.8039216e-01
   8.8235294e-01   9.5294118e-01   9.8431373e-01
   8.8627451e-01   9.5294118e-01   9.8431373e-01
   8.9019608e-01   9.5686275e-01   9.8431373e-01
   8.9019608e-01   9.5686275e-01   9.8431373e-01
   8.9411765e-01   9.5686275e-01   9.8431373e-01
   8.9803922e-01   9.6078431e-01   9.8431373e-01
   9.0196078e-01   9.6078431e-01   9.8431373e-01
   9.0196078e-01   9.6078431e-01   9.8431373e-01
   9.0588235e-01   9.6078431e-01   9.8431373e-01
   9.0980392e-01   9.6470588e-01   9.8823529e-01
   9.1372549e-01   9.6470588e-01   9.8823529e-01
   9.1372549e-01   9.6470588e-01   9.8823529e-01
   9.1764706e-01   9.6862745e-01   9.8823529e-01
   9.2156863e-01   9.6862745e-01   9.8823529e-01
   9.2549020e-01   9.6862745e-01   9.8823529e-01
   9.2941176e-01   9.7254902e-01   9.8823529e-01
   9.2941176e-01   9.7254902e-01   9.8823529e-01
   9.3333333e-01   9.7254902e-01   9.8823529e-01
   9.3725490e-01   9.7647059e-01   9.9215686e-01
   9.4117647e-01   9.7647059e-01   9.9215686e-01
   9.4117647e-01   9.7647059e-01   9.9215686e-01
   9.4509804e-01   9.7647059e-01   9.9215686e-01
   9.4901961e-01   9.8039216e-01   9.9215686e-01
   9.5294118e-01   9.8039216e-01   9.9215686e-01
   9.5294118e-01   9.8039216e-01   9.9215686e-01
   9.5686275e-01   9.8431373e-01   9.9215686e-01
   9.6078431e-01   9.8431373e-01   9.9607843e-01
   9.6470588e-01   9.8431373e-01   9.9607843e-01
   9.6862745e-01   9.8823529e-01   9.9607843e-01
   1.0000000e+00   9.6078431e-01   9.4117647e-01
   9.9986928e-01   9.5803922e-01   9.3725490e-01
   9.9973856e-01   9.5529412e-01   9.3333333e-01
   9.9960784e-01   9.5254902e-01   9.2941176e-01
   9.9947712e-01   9.4980392e-01   9.2549020e-01
   9.9934641e-01   9.4705882e-01   9.2156863e-01
   9.9921569e-01   9.4431373e-01   9.1764706e-01
   9.9908497e-01   9.4156863e-01   9.1372549e-01
   9.9895425e-01   9.3882353e-01   9.0980392e-01
   9.9882353e-01   9.3607843e-01   9.0588235e-01
   9.9869281e-01   9.3333333e-01   9.0196078e-01
   9.9856209e-01   9.3058824e-01   8.9803922e-01
   9.9843137e-01   9.2784314e-01   8.9411765e-01
   9.9830065e-01   9.2509804e-01   8.9019608e-01
   9.9816993e-01   9.2235294e-01   8.8627451e-01
   9.9803922e-01   9.1960784e-01   8.8235294e-01
   9.9790850e-01   9.1686275e-01   8.7843137e-01
   9.9777778e-01   9.1411765e-01   8.7450980e-01
   9.9764706e-01   9.1137255e-01   8.7058824e-01
   9.9751634e-01   9.0862745e-01   8.6666667e-01
   9.9738562e-01   9.0588235e-01   8.6274510e-01
   9.9725490e-01   9.0313725e-01   8.5882353e-01
   9.9712418e-01   9.0039216e-01   8.5490196e-01
   9.9699346e-01   8.9764706e-01   8.5098039e-01
   9.9686275e-01   8.9490196e-01   8.4705882e-01
   9.9673203e-01   8.9215686e-01   8.4313725e-01
   9.9660131e-01   8.8941176e-01   8.3921569e-01
   9.9647059e-01   8.8666667e-01   8.3529412e-01
   9.9633987e-01   8.8392157e-01   8.3137255e-01
   9.9620915e-01   8.8117647e-01   8.2745098e-01
   9.9607843e-01   8.7843137e-01   8.2352941e-01
   9.9582543e-01   8.7375079e-01   8.1733080e-01
   9.9557242e-01   8.6907021e-01   8.1113219e-01
   9.9531942e-01   8.6438963e-01   8.0493359e-01
   9.9506641e-01   8.5970904e-01   7.9873498e-01
   9.9481341e-01   8.5502846e-01   7.9253637e-01
   9.9456040e-01   8.5034788e-01   7.8633776e-01
   9.9430740e-01   8.4566730e-01   7.8013915e-01
   9.9405440e-01   8.4098672e-01   7.7394054e-01
   9.9380139e-01   8.3630614e-01   7.6774194e-01
   9.9354839e-01   8.3162555e-01   7.6154333e-01
   9.9329538e-01   8.2694497e-01   7.5534472e-01
   9.9304238e-01   8.2226439e-01   7.4914611e-01
   9.9278937e-01   8.1758381e-01   7.4294750e-01
   9.9253637e-01   8.1290323e-01   7.3674889e-01
   9.9228336e-01   8.0822264e-01   7.3055028e-01
   9.9203036e-01   8.0354206e-01   7.2435168e-01
   9.9177736e-01   7.9886148e-01   7.1815307e-01
   9.9152435e-01   7.9418090e-01   7.1195446e-01
   9.9127135e-01   7.8950032e-01   7.0575585e-01
   9.9101834e-01   7.8481973e-01   6.9955724e-01
   9.9076534e-01   7.8013915e-01   6.9335863e-01
   9.9051233e-01   7.7545857e-01   6.8716003e-01
   9.9025933e-01   7.7077799e-01   6.8096142e-01
   9.9000633e-01   7.6609741e-01   6.7476281e-01
   9.8975332e-01   7.6141682e-01   6.6856420e-01
   9.8950032e-01   7.5673624e-01   6.6236559e-01
   9.8924731e-01   7.5205566e-01   6.5616698e-01
   9.8899431e-01   7.4737508e-01   6.4996837e-01
   9.8874130e-01   7.4269450e-01   6.4376977e-01
   9.8848830e-01   7.3801392e-01   6.3757116e-01
   9.8823529e-01   7.3333333e-01   6.3137255e-01
   9.8823529e-01   7.2797386e-01   6.2522876e-01
   9.8823529e-01   7.2261438e-01   6.1908497e-01
   9.8823529e-01   7.1725490e-01   6.1294118e-01
   9.8823529e-01   7.1189542e-01   6.0679739e-01
   9.8823529e-01   7.0653595e-01   6.0065359e-01
   9.8823529e-01   7.0117647e-01   5.9450980e-01
   9.8823529e-01   6.9581699e-01   5.8836601e-01
   9.8823529e-01   6.9045752e-01   5.8222222e-01
   9.8823529e-01   6.8509804e-01   5.7607843e-01
   9.8823529e-01   6.7973856e-01   5.6993464e-01
   9.8823529e-01   6.7437908e-01   5.6379085e-01
   9.8823529e-01   6.6901961e-01   5.5764706e-01
   9.8823529e-01   6.6366013e-01   5.5150327e-01
   9.8823529e-01   6.5830065e-01   5.4535948e-01
   9.8823529e-01   6.5294118e-01   5.3921569e-01
   9.8823529e-01   6.4758170e-01   5.3307190e-01
   9.8823529e-01   6.4222222e-01   5.2692810e-01
   9.8823529e-01   6.3686275e-01   5.2078431e-01
   9.8823529e-01   6.3150327e-01   5.1464052e-01
   9.8823529e-01   6.2614379e-01   5.0849673e-01
   9.8823529e-01   6.2078431e-01   5.0235294e-01
   9.8823529e-01   6.1542484e-01   4.9620915e-01
   9.8823529e-01   6.1006536e-01   4.9006536e-01
   9.8823529e-01   6.0470588e-01   4.8392157e-01
   9.8823529e-01   5.9934641e-01   4.7777778e-01
   9.8823529e-01   5.9398693e-01   4.7163399e-01
   9.8823529e-01   5.8862745e-01   4.6549020e-01
   9.8823529e-01   5.8326797e-01   4.5934641e-01
   9.8823529e-01   5.7790850e-01   4.5320261e-01
   9.8823529e-01   5.7254902e-01   4.4705882e-01
   9.8810458e-01   5.6732026e-01   4.4183007e-01
   9.8797386e-01   5.6209150e-01   4.3660131e-01
   9.8784314e-01   5.5686275e-01   4.3137255e-01
   9.8771242e-01   5.5163399e-01   4.2614379e-01
   9.8758170e-01   5.4640523e-01   4.2091503e-01
   9.8745098e-01   5.4117647e-01   4.1568627e-01
   9.8732026e-01   5.3594771e-01   4.1045752e-01
   9.8718954e-01   5.3071895e-01   4.0522876e-01
   9.8705882e-01   5.2549020e-01   4.0000000e-01
   9.8692810e-01   5.2026144e-01   3.9477124e-01
   9.8679739e-01   5.1503268e-01   3.8954248e-01
   9.8666667e-01   5.0980392e-01   3.8431373e-01
   9.8653595e-01   5.0457516e-01   3.7908497e-01
   9.8640523e-01   4.9934641e-01   3.7385621e-01
   9.8627451e-01   4.9411765e-01   3.6862745e-01
   9.8614379e-01   4.8888889e-01   3.6339869e-01
   9.8601307e-01   4.8366013e-01   3.5816993e-01
   9.8588235e-01   4.7843137e-01   3.5294118e-01
   9.8575163e-01   4.7320261e-01   3.4771242e-01
   9.8562092e-01   4.6797386e-01   3.4248366e-01
   9.8549020e-01   4.6274510e-01   3.3725490e-01
   9.8535948e-01   4.5751634e-01   3.3202614e-01
   9.8522876e-01   4.5228758e-01   3.2679739e-01
   9.8509804e-01   4.4705882e-01   3.2156863e-01
   9.8496732e-01   4.4183007e-01   3.1633987e-01
   9.8483660e-01   4.3660131e-01   3.1111111e-01
   9.8470588e-01   4.3137255e-01   3.0588235e-01
   9.8457516e-01   4.2614379e-01   3.0065359e-01
   9.8444444e-01   4.2091503e-01   2.9542484e-01
   9.8431373e-01   4.1568627e-01   2.9019608e-01
   9.8279570e-01   4.0974067e-01   2.8640101e-01
   9.8127767e-01   4.0379507e-01   2.8260595e-01
   9.7975965e-01   3.9784946e-01   2.7881088e-01
   9.7824162e-01   3.9190386e-01   2.7501581e-01
   9.7672359e-01   3.8595825e-01   2.7122075e-01
   9.7520557e-01   3.8001265e-01   2.6742568e-01
   9.7368754e-01   3.7406705e-01   2.6363061e-01
   9.7216951e-01   3.6812144e-01   2.5983555e-01
   9.7065149e-01   3.6217584e-01   2.5604048e-01
   9.6913346e-01   3.5623023e-01   2.5224541e-01
   9.6761543e-01   3.5028463e-01   2.4845035e-01
   9.6609741e-01   3.4433903e-01   2.4465528e-01
   9.6457938e-01   3.3839342e-01   2.4086022e-01
   9.6306135e-01   3.3244782e-01   2.3706515e-01
   9.6154333e-01   3.2650221e-01   2.3327008e-01
   9.6002530e-01   3.2055661e-01   2.2947502e-01
   9.5850727e-01   3.1461101e-01   2.2567995e-01
   9.5698925e-01   3.0866540e-01   2.2188488e-01
   9.5547122e-01   3.0271980e-01   2.1808982e-01
   9.5395319e-01   2.9677419e-01   2.1429475e-01
   9.5243517e-01   2.9082859e-01   2.1049968e-01
   9.5091714e-01   2.8488299e-01   2.0670462e-01
   9.4939911e-01   2.7893738e-01   2.0290955e-01
   9.4788109e-01   2.7299178e-01   1.9911448e-01
   9.4636306e-01   2.6704617e-01   1.9531942e-01
   9.4484503e-01   2.6110057e-01   1.9152435e-01
   9.4332701e-01   2.5515497e-01   1.8772929e-01
   9.4180898e-01   2.4920936e-01   1.8393422e-01
   9.4029096e-01   2.4326376e-01   1.8013915e-01
   9.3877293e-01   2.3731815e-01   1.7634409e-01
   9.3725490e-01   2.3137255e-01   1.7254902e-01
   9.3254902e-01   2.2679739e-01   1.7058824e-01
   9.2784314e-01   2.2222222e-01   1.6862745e-01
   9.2313725e-01   2.1764706e-01   1.6666667e-01
   9.1843137e-01   2.1307190e-01   1.6470588e-01
   9.1372549e-01   2.0849673e-01   1.6274510e-01
   9.0901961e-01   2.0392157e-01   1.6078431e-01
   9.0431373e-01   1.9934641e-01   1.5882353e-01
   8.9960784e-01   1.9477124e-01   1.5686275e-01
   8.9490196e-01   1.9019608e-01   1.5490196e-01
   8.9019608e-01   1.8562092e-01   1.5294118e-01
   8.8549020e-01   1.8104575e-01   1.5098039e-01
   8.8078431e-01   1.7647059e-01   1.4901961e-01
   8.7607843e-01   1.7189542e-01   1.4705882e-01
   8.7137255e-01   1.6732026e-01   1.4509804e-01
   8.6666667e-01   1.6274510e-01   1.4313725e-01
   8.6196078e-01   1.5816993e-01   1.4117647e-01
   8.5725490e-01   1.5359477e-01   1.3921569e-01
   8.5254902e-01   1.4901961e-01   1.3725490e-01
   8.4784314e-01   1.4444444e-01   1.3529412e-01
   8.4313725e-01   1.3986928e-01   1.3333333e-01
   8.3843137e-01   1.3529412e-01   1.3137255e-01
   8.3372549e-01   1.3071895e-01   1.2941176e-01
   8.2901961e-01   1.2614379e-01   1.2745098e-01
   8.2431373e-01   1.2156863e-01   1.2549020e-01
   8.1960784e-01   1.1699346e-01   1.2352941e-01
   8.1490196e-01   1.1241830e-01   1.2156863e-01
   8.1019608e-01   1.0784314e-01   1.1960784e-01
   8.0549020e-01   1.0326797e-01   1.1764706e-01
   8.0078431e-01   9.8692810e-02   1.1568627e-01
   7.9607843e-01   9.4117647e-02   1.1372549e-01
   7.9127135e-01   9.2979127e-02   1.1271347e-01
   7.8646426e-01   9.1840607e-02   1.1170145e-01
   7.8165718e-01   9.0702087e-02   1.1068944e-01
   7.7685009e-01   8.9563567e-02   1.0967742e-01
   7.7204301e-01   8.8425047e-02   1.0866540e-01
   7.6723593e-01   8.7286528e-02   1.0765338e-01
   7.6242884e-01   8.6148008e-02   1.0664137e-01
   7.5762176e-01   8.5009488e-02   1.0562935e-01
   7.5281467e-01   8.3870968e-02   1.0461733e-01
   7.4800759e-01   8.2732448e-02   1.0360531e-01
   7.4320051e-01   8.1593928e-02   1.0259330e-01
   7.3839342e-01   8.0455408e-02   1.0158128e-01
   7.3358634e-01   7.9316888e-02   1.0056926e-01
   7.2877925e-01   7.8178368e-02   9.9557242e-02
   7.2397217e-01   7.7039848e-02   9.8545225e-02
   7.1916509e-01   7.5901328e-02   9.7533207e-02
   7.1435800e-01   7.4762808e-02   9.6521189e-02
   7.0955092e-01   7.3624288e-02   9.5509171e-02
   7.0474383e-01   7.2485769e-02   9.4497154e-02
   6.9993675e-01   7.1347249e-02   9.3485136e-02
   6.9512966e-01   7.0208729e-02   9.2473118e-02
   6.9032258e-01   6.9070209e-02   9.1461101e-02
   6.8551550e-01   6.7931689e-02   9.0449083e-02
   6.8070841e-01   6.6793169e-02   8.9437065e-02
   6.7590133e-01   6.5654649e-02   8.8425047e-02
   6.7109424e-01   6.4516129e-02   8.7413030e-02
   6.6628716e-01   6.3377609e-02   8.6401012e-02
   6.6148008e-01   6.2239089e-02   8.5388994e-02
   6.5667299e-01   6.1100569e-02   8.4376977e-02
   6.5186591e-01   5.9962049e-02   8.3364959e-02
   6.4705882e-01   5.8823529e-02   8.2352941e-02
   6.3895425e-01   5.6862745e-02   8.1307190e-02
   6.3084967e-01   5.4901961e-02   8.0261438e-02
   6.2274510e-01   5.2941176e-02   7.9215686e-02
   6.1464052e-01   5.0980392e-02   7.8169935e-02
   6.0653595e-01   4.9019608e-02   7.7124183e-02
   5.9843137e-01   4.7058824e-02   7.6078431e-02
   5.9032680e-01   4.5098039e-02   7.5032680e-02
   5.8222222e-01   4.3137255e-02   7.3986928e-02
   5.7411765e-01   4.1176471e-02   7.2941176e-02
   5.6601307e-01   3.9215686e-02   7.1895425e-02
   5.5790850e-01   3.7254902e-02   7.0849673e-02
   5.4980392e-01   3.5294118e-02   6.9803922e-02
   5.4169935e-01   3.3333333e-02   6.8758170e-02
   5.3359477e-01   3.1372549e-02   6.7712418e-02
   5.2549020e-01   2.9411765e-02   6.6666667e-02
   5.1738562e-01   2.7450980e-02   6.5620915e-02
   5.0928105e-01   2.5490196e-02   6.4575163e-02
   5.0117647e-01   2.3529412e-02   6.3529412e-02
   4.9307190e-01   2.1568627e-02   6.2483660e-02
   4.8496732e-01   1.9607843e-02   6.1437908e-02
   4.7686275e-01   1.7647059e-02   6.0392157e-02
   4.6875817e-01   1.5686275e-02   5.9346405e-02
   4.6065359e-01   1.3725490e-02   5.8300654e-02
   4.5254902e-01   1.1764706e-02   5.7254902e-02
   4.4444444e-01   9.8039216e-03   5.6209150e-02
   4.3633987e-01   7.8431373e-03   5.5163399e-02
   4.2823529e-01   5.8823529e-03   5.4117647e-02
   4.2013072e-01   3.9215686e-03   5.3071895e-02
   4.1202614e-01   1.9607843e-03   5.2026144e-02
   4.0392157e-01   0.0000000e+00   5.0980392e-02
