   8.7058824e-01   9.2156863e-01   9.8039216e-01
   8.6209154e-01   9.1934639e-01   9.8000002e-01
   8.5359478e-01   9.1712421e-01   9.7960782e-01
   8.4509802e-01   9.1490197e-01   9.7921568e-01
   8.3660132e-01   9.1267973e-01   9.7882354e-01
   8.2810462e-01   9.1045749e-01   9.7843134e-01
   8.1960785e-01   9.0823531e-01   9.7803921e-01
   8.1111109e-01   9.0601307e-01   9.7764707e-01
   8.0261439e-01   9.0379083e-01   9.7725493e-01
   7.9411769e-01   9.0156865e-01   9.7686273e-01
   7.8562093e-01   8.9934641e-01   9.7647059e-01
   7.7712417e-01   8.9712417e-01   9.7607845e-01
   7.6862746e-01   8.9490199e-01   9.7568625e-01
   7.6013076e-01   8.9267975e-01   9.7529411e-01
   7.5163400e-01   8.9045751e-01   9.7490197e-01
   7.4313724e-01   8.8823533e-01   9.7450984e-01
   7.3464054e-01   8.8601309e-01   9.7411764e-01
   7.2614384e-01   8.8379085e-01   9.7372550e-01
   7.1764708e-01   8.8156861e-01   9.7333336e-01
   7.0915031e-01   8.7934643e-01   9.7294116e-01
   7.0065361e-01   8.7712419e-01   9.7254902e-01
   6.9215691e-01   8.7490195e-01   9.7215688e-01
   6.8366015e-01   8.7267977e-01   9.7176468e-01
   6.7516339e-01   8.7045753e-01   9.7137254e-01
   6.6666669e-01   8.6823529e-01   9.7098041e-01
   6.5816998e-01   8.6601305e-01   9.7058821e-01
   6.4967322e-01   8.6379087e-01   9.7019607e-01
   6.4117646e-01   8.6156863e-01   9.6980393e-01
   6.3267976e-01   8.5934639e-01   9.6941179e-01
   6.2418306e-01   8.5712421e-01   9.6901959e-01
   6.1568630e-01   8.5490197e-01   9.6862745e-01
   6.0588235e-01   8.4607846e-01   9.6335787e-01
   5.9607846e-01   8.3725488e-01   9.5808822e-01
   5.8627450e-01   8.2843137e-01   9.5281863e-01
   5.7647061e-01   8.1960785e-01   9.4754905e-01
   5.6666666e-01   8.1078434e-01   9.4227940e-01
   5.5686277e-01   8.0196083e-01   9.3700981e-01
   5.4705882e-01   7.9313725e-01   9.3174022e-01
   5.3725493e-01   7.8431374e-01   9.2647058e-01
   5.2745098e-01   7.7549022e-01   9.2120099e-01
   5.1764709e-01   7.6666665e-01   9.1593140e-01
   5.0784314e-01   7.5784314e-01   9.1066176e-01
   4.9803922e-01   7.4901962e-01   9.0539217e-01
   4.8823529e-01   7.4019611e-01   9.0012258e-01
   4.7843137e-01   7.3137259e-01   8.9485294e-01
   4.6862745e-01   7.2254902e-01   8.8958335e-01
   4.5882353e-01   7.1372551e-01   8.8431370e-01
   4.4901961e-01   7.0490199e-01   8.7904412e-01
   4.3921569e-01   6.9607842e-01   8.7377453e-01
   4.2941177e-01   6.8725491e-01   8.6850488e-01
   4.1960785e-01   6.7843139e-01   8.6323529e-01
   4.0980393e-01   6.6960788e-01   8.5796571e-01
   4.0000001e-01   6.6078436e-01   8.5269606e-01
   3.9019608e-01   6.5196079e-01   8.4742647e-01
   3.8039213e-01   6.4313728e-01   8.4215689e-01
   3.7058821e-01   6.3431376e-01   8.3688724e-01
   3.6078429e-01   6.2549019e-01   8.3161765e-01
   3.5098037e-01   6.1666667e-01   8.2634807e-01
   3.4117645e-01   6.0784316e-01   8.2107842e-01
   3.3137253e-01   5.9901965e-01   8.1580883e-01
   3.2156861e-01   5.9019613e-01   8.1053925e-01
   3.1176469e-01   5.8137256e-01   8.0526960e-01
   3.0196077e-01   5.7254905e-01   8.0000001e-01
   2.9999998e-01   5.7098043e-01   7.9921567e-01
   2.9803920e-01   5.6941181e-01   7.9843140e-01
   2.9607841e-01   5.6784314e-01   7.9764706e-01
   2.9411763e-01   5.6627452e-01   7.9686278e-01
   2.9215688e-01   5.6470591e-01   7.9607844e-01
   2.9019609e-01   5.6313729e-01   7.9529411e-01
   2.8823531e-01   5.6156868e-01   7.9450983e-01
   2.8627452e-01   5.6000000e-01   7.9372549e-01
   2.8431374e-01   5.5843139e-01   7.9294121e-01
   2.8235295e-01   5.5686277e-01   7.9215688e-01
   2.8246501e-01   5.6100845e-01   7.7815127e-01
   2.8257704e-01   5.6515408e-01   7.6414567e-01
   2.8268909e-01   5.6929976e-01   7.5014007e-01
   2.8280112e-01   5.7344538e-01   7.3613447e-01
   2.8291318e-01   5.7759106e-01   7.2212887e-01
   2.8302523e-01   5.8173674e-01   7.0812327e-01
   2.8313726e-01   5.8588237e-01   6.9411767e-01
   2.8324932e-01   5.9002805e-01   6.8011206e-01
   2.8336135e-01   5.9417367e-01   6.6610646e-01
   2.8347340e-01   5.9831935e-01   6.5210086e-01
   2.8358546e-01   6.0246503e-01   6.3809526e-01
   2.8369749e-01   6.0661066e-01   6.2408966e-01
   2.8380954e-01   6.1075634e-01   6.1008406e-01
   2.8392157e-01   6.1490196e-01   5.9607846e-01
   2.8403363e-01   6.1904764e-01   5.8207285e-01
   2.8414568e-01   6.2319332e-01   5.6806725e-01
   2.8425771e-01   6.2733895e-01   5.5406165e-01
   2.8436977e-01   6.3148463e-01   5.4005599e-01
   2.8448179e-01   6.3563025e-01   5.2605039e-01
   2.8459385e-01   6.3977593e-01   5.1204479e-01
   2.8470591e-01   6.4392161e-01   4.9803922e-01
   2.8481793e-01   6.4806724e-01   4.8403361e-01
   2.8492999e-01   6.5221292e-01   4.7002801e-01
   2.8504202e-01   6.5635854e-01   4.5602241e-01
   2.8515407e-01   6.6050422e-01   4.4201681e-01
   2.8526613e-01   6.6464990e-01   4.2801121e-01
   2.8537816e-01   6.6879553e-01   4.1400558e-01
   2.8549021e-01   6.7294121e-01   3.9999998e-01
   2.8560224e-01   6.7708683e-01   3.8599437e-01
   2.8571430e-01   6.8123251e-01   3.7198877e-01
   2.8582636e-01   6.8537819e-01   3.5798317e-01
   2.8593838e-01   6.8952382e-01   3.4397757e-01
   2.8605044e-01   6.9366950e-01   3.2997197e-01
   2.8616247e-01   6.9781512e-01   3.1596637e-01
   2.8627452e-01   7.0196080e-01   3.0196077e-01
   2.8627452e-01   7.0980394e-01   2.7450979e-01
   3.0503446e-01   7.1520936e-01   2.7684152e-01
   3.2379439e-01   7.2061473e-01   2.7917328e-01
   3.4255433e-01   7.2602016e-01   2.8150502e-01
   3.6131427e-01   7.3142558e-01   2.8383675e-01
   3.8007420e-01   7.3683095e-01   2.8616852e-01
   3.9883414e-01   7.4223638e-01   2.8850025e-01
   4.1759408e-01   7.4764180e-01   2.9083198e-01
   4.3635401e-01   7.5304717e-01   2.9316375e-01
   4.5511395e-01   7.5845259e-01   2.9549548e-01
   4.7387388e-01   7.6385796e-01   2.9782724e-01
   4.9263382e-01   7.6926339e-01   3.0015898e-01
   5.1139379e-01   7.7466881e-01   3.0249071e-01
   5.3015369e-01   7.8007418e-01   3.0482247e-01
   5.4891360e-01   7.8547961e-01   3.0715421e-01
   5.6767356e-01   7.9088503e-01   3.0948594e-01
   5.8643353e-01   7.9629040e-01   3.1181771e-01
   6.0519344e-01   8.0169582e-01   3.1414944e-01
   6.2395334e-01   8.0710125e-01   3.1648117e-01
   6.4271331e-01   8.1250662e-01   3.1881294e-01
   6.6147327e-01   8.1791204e-01   3.2114467e-01
   6.8023318e-01   8.2331747e-01   3.2347640e-01
   6.9899309e-01   8.2872283e-01   3.2580817e-01
   7.1775305e-01   8.3412826e-01   3.2813990e-01
   7.3651302e-01   8.3953369e-01   3.3047163e-01
   7.5527292e-01   8.4493905e-01   3.3280340e-01
   7.7403283e-01   8.5034448e-01   3.3513513e-01
   7.9279280e-01   8.5574991e-01   3.3746687e-01
   8.1155276e-01   8.6115527e-01   3.3979863e-01
   8.3031267e-01   8.6656070e-01   3.4213036e-01
   8.4907258e-01   8.7196606e-01   3.4446213e-01
   8.6783254e-01   8.7737149e-01   3.4679386e-01
   8.8659251e-01   8.8277692e-01   3.4912559e-01
   9.0535241e-01   8.8818228e-01   3.5145736e-01
   9.2411232e-01   8.9358771e-01   3.5378909e-01
   9.4287229e-01   8.9899313e-01   3.5612082e-01
   9.6163225e-01   9.0439850e-01   3.5845259e-01
   9.8039216e-01   9.0980393e-01   3.6078432e-01
   9.7983193e-01   8.9647061e-01   3.5540617e-01
   9.7927171e-01   8.8313729e-01   3.5002801e-01
   9.7871149e-01   8.6980391e-01   3.4464988e-01
   9.7815126e-01   8.5647058e-01   3.3927172e-01
   9.7759104e-01   8.4313726e-01   3.3389357e-01
   9.7703081e-01   8.2980394e-01   3.2851541e-01
   9.7647059e-01   8.1647062e-01   3.2313725e-01
   9.7591037e-01   8.0313724e-01   3.1775910e-01
   9.7535014e-01   7.8980392e-01   3.1238097e-01
   9.7478992e-01   7.7647060e-01   3.0700281e-01
   9.7422969e-01   7.6313728e-01   3.0162466e-01
   9.7366947e-01   7.4980390e-01   2.9624650e-01
   9.7310925e-01   7.3647058e-01   2.9086834e-01
   9.7254902e-01   7.2313726e-01   2.8549021e-01
   9.7198880e-01   7.0980394e-01   2.8011206e-01
   9.7142857e-01   6.9647062e-01   2.7473390e-01
   9.7086835e-01   6.8313724e-01   2.6935574e-01
   9.7030813e-01   6.6980392e-01   2.6397759e-01
   9.6974790e-01   6.5647060e-01   2.5859946e-01
   9.6918768e-01   6.4313728e-01   2.5322130e-01
   9.6862745e-01   6.2980390e-01   2.4784315e-01
   9.6806723e-01   6.1647058e-01   2.4246499e-01
   9.6750700e-01   6.0313725e-01   2.3708685e-01
   9.6694678e-01   5.8980393e-01   2.3170869e-01
   9.6638656e-01   5.7647061e-01   2.2633053e-01
   9.6582633e-01   5.6313723e-01   2.2095239e-01
   9.6526611e-01   5.4980391e-01   2.1557423e-01
   9.6470588e-01   5.3647059e-01   2.1019608e-01
   9.6414566e-01   5.2313727e-01   2.0481794e-01
   9.6358544e-01   5.0980395e-01   1.9943978e-01
   9.6302521e-01   4.9647060e-01   1.9406164e-01
   9.6246499e-01   4.8313725e-01   1.8868348e-01
   9.6190476e-01   4.6980393e-01   1.8330532e-01
   9.6134454e-01   4.5647058e-01   1.7792718e-01
   9.6078432e-01   4.4313726e-01   1.7254902e-01
   9.6078432e-01   4.1568628e-01   1.6078430e-01
   9.5719886e-01   4.0773109e-01   1.6067226e-01
   9.5361346e-01   3.9977592e-01   1.6056022e-01
   9.5002800e-01   3.9182073e-01   1.6044816e-01
   9.4644260e-01   3.8386554e-01   1.6033612e-01
   9.4285715e-01   3.7591037e-01   1.6022408e-01
   9.3927169e-01   3.6795518e-01   1.6011204e-01
   9.3568629e-01   3.6000001e-01   1.6000000e-01
   9.3210083e-01   3.5204482e-01   1.5988795e-01
   9.2851543e-01   3.4408963e-01   1.5977590e-01
   9.2492998e-01   3.3613446e-01   1.5966386e-01
   9.2134452e-01   3.2817927e-01   1.5955181e-01
   9.1775912e-01   3.2022408e-01   1.5943977e-01
   9.1417366e-01   3.1226891e-01   1.5932773e-01
   9.1058826e-01   3.0431372e-01   1.5921569e-01
   9.0700281e-01   2.9635856e-01   1.5910363e-01
   9.0341735e-01   2.8840336e-01   1.5899159e-01
   8.9983195e-01   2.8044817e-01   1.5887955e-01
   8.9624649e-01   2.7249300e-01   1.5876751e-01
   8.9266109e-01   2.6453781e-01   1.5865546e-01
   8.8907564e-01   2.5658262e-01   1.5854342e-01
   8.8549018e-01   2.4862745e-01   1.5843137e-01
   8.8190478e-01   2.4067226e-01   1.5831932e-01
   8.7831932e-01   2.3271708e-01   1.5820728e-01
   8.7473392e-01   2.2476190e-01   1.5809524e-01
   8.7114847e-01   2.1680672e-01   1.5798320e-01
   8.6756301e-01   2.0885153e-01   1.5787116e-01
   8.6397761e-01   2.0089635e-01   1.5775910e-01
   8.6039215e-01   1.9294117e-01   1.5764706e-01
   8.5680676e-01   1.8498600e-01   1.5753502e-01
   8.5322130e-01   1.7703080e-01   1.5742297e-01
   8.4963584e-01   1.6907562e-01   1.5731093e-01
   8.4605044e-01   1.6112044e-01   1.5719889e-01
   8.4246498e-01   1.5316527e-01   1.5708683e-01
   8.3887959e-01   1.4521007e-01   1.5697479e-01
   8.3529413e-01   1.3725489e-01   1.5686275e-01
   8.2745099e-01   1.2156863e-01   1.5686275e-01
   8.2061625e-01   1.2056022e-01   1.5529412e-01
   8.1378150e-01   1.1955182e-01   1.5372549e-01
   8.0694681e-01   1.1854342e-01   1.5215687e-01
   8.0011207e-01   1.1753502e-01   1.5058824e-01
   7.9327732e-01   1.1652661e-01   1.4901961e-01
   7.8644258e-01   1.1551820e-01   1.4745098e-01
   7.7960783e-01   1.1450981e-01   1.4588235e-01
   7.7277315e-01   1.1350140e-01   1.4431372e-01
   7.6593840e-01   1.1249300e-01   1.4274511e-01
   7.5910366e-01   1.1148459e-01   1.4117648e-01
   7.5226891e-01   1.1047619e-01   1.3960785e-01
   7.4543417e-01   1.0946779e-01   1.3803922e-01
   7.3859948e-01   1.0845938e-01   1.3647059e-01
   7.3176473e-01   1.0745098e-01   1.3490196e-01
   7.2492999e-01   1.0644258e-01   1.3333334e-01
   7.1809524e-01   1.0543417e-01   1.3176471e-01
   7.1126050e-01   1.0442577e-01   1.3019608e-01
   7.0442581e-01   1.0341737e-01   1.2862745e-01
   6.9759107e-01   1.0240897e-01   1.2705882e-01
   6.9075632e-01   1.0140056e-01   1.2549019e-01
   6.8392158e-01   1.0039216e-01   1.2392157e-01
   6.7708683e-01   9.9383757e-02   1.2235294e-01
   6.7025214e-01   9.8375350e-02   1.2078431e-01
   6.6341740e-01   9.7366951e-02   1.1921568e-01
   6.5658265e-01   9.6358545e-02   1.1764706e-01
   6.4974791e-01   9.5350139e-02   1.1607843e-01
   6.4291316e-01   9.4341740e-02   1.1450980e-01
   6.3607848e-01   9.3333334e-02   1.1294118e-01
   6.2924373e-01   9.2324935e-02   1.1137255e-01
   6.2240899e-01   9.1316529e-02   1.0980392e-01
   6.1557424e-01   9.0308122e-02   1.0823529e-01
   6.0873950e-01   8.9299724e-02   1.0666666e-01
   6.0190481e-01   8.8291317e-02   1.0509803e-01
   5.9507006e-01   8.7282918e-02   1.0352941e-01
   5.8823532e-01   8.6274512e-02   1.0196078e-01
   5.7254905e-01   8.2352944e-02   9.8039217e-02
