   1.9607843e-01   4.9019608e-01   7.0196080e-01
   2.0581910e-01   4.9715370e-01   7.0645165e-01
   2.1555978e-01   5.0411135e-01   7.1094245e-01
   2.2530045e-01   5.1106894e-01   7.1543330e-01
   2.3504111e-01   5.1802659e-01   7.1992409e-01
   2.4478179e-01   5.2498418e-01   7.2441494e-01
   2.5452247e-01   5.3194183e-01   7.2890580e-01
   2.6426312e-01   5.3889942e-01   7.3339659e-01
   2.7400380e-01   5.4585707e-01   7.3788744e-01
   2.8374448e-01   5.5281466e-01   7.4237823e-01
   2.9348513e-01   5.5977231e-01   7.4686909e-01
   3.0322582e-01   5.6672990e-01   7.5135994e-01
   3.1296650e-01   5.7368755e-01   7.5585073e-01
   3.2270715e-01   5.8064514e-01   7.6034158e-01
   3.3244783e-01   5.8760279e-01   7.6483238e-01
   3.4218851e-01   5.9456038e-01   7.6932323e-01
   3.5192916e-01   6.0151803e-01   7.7381408e-01
   3.6166984e-01   6.0847563e-01   7.7830487e-01
   3.7141052e-01   6.1543328e-01   7.8279573e-01
   3.8115117e-01   6.2239087e-01   7.8728652e-01
   3.9089185e-01   6.2934852e-01   7.9177737e-01
   4.0063253e-01   6.3630617e-01   7.9626822e-01
   4.1037318e-01   6.4326376e-01   8.0075902e-01
   4.2011386e-01   6.5022141e-01   8.0524987e-01
   4.2985454e-01   6.5717900e-01   8.0974066e-01
   4.3959519e-01   6.6413665e-01   8.1423151e-01
   4.4933587e-01   6.7109424e-01   8.1872237e-01
   4.5907655e-01   6.7805189e-01   8.2321316e-01
   4.6881720e-01   6.8500948e-01   8.2770401e-01
   4.7855788e-01   6.9196713e-01   8.3219481e-01
   4.8829857e-01   6.9892472e-01   8.3668566e-01
   4.9803922e-01   7.0588237e-01   8.4117651e-01
   5.0777990e-01   7.1283996e-01   8.4566730e-01
   5.1752055e-01   7.1979761e-01   8.5015815e-01
   5.2726126e-01   7.2675520e-01   8.5464895e-01
   5.3700191e-01   7.3371285e-01   8.5913980e-01
   5.4674256e-01   7.4067044e-01   8.6363059e-01
   5.5648327e-01   7.4762809e-01   8.6812145e-01
   5.6622392e-01   7.5458568e-01   8.7261230e-01
   5.7596457e-01   7.6154333e-01   8.7710309e-01
   5.8570528e-01   7.6850092e-01   8.8159394e-01
   5.9544593e-01   7.7545857e-01   8.8608474e-01
   6.0518658e-01   7.8241622e-01   8.9057559e-01
   6.1492729e-01   7.8937382e-01   8.9506644e-01
   6.2466794e-01   7.9633147e-01   8.9955723e-01
   6.3440859e-01   8.0328906e-01   9.0404809e-01
   6.4414930e-01   8.1024671e-01   9.0853888e-01
   6.5388995e-01   8.1720430e-01   9.1302973e-01
   6.6363060e-01   8.2416195e-01   9.1752058e-01
   6.7337132e-01   8.3111954e-01   9.2201138e-01
   6.8311197e-01   8.3807719e-01   9.2650223e-01
   6.9285262e-01   8.4503478e-01   9.3099302e-01
   7.0259333e-01   8.5199243e-01   9.3548387e-01
   7.1233398e-01   8.5895002e-01   9.3997473e-01
   7.2207463e-01   8.6590767e-01   9.4446552e-01
   7.3181534e-01   8.7286526e-01   9.4895637e-01
   7.4155599e-01   8.7982291e-01   9.5344716e-01
   7.5129664e-01   8.8678050e-01   9.5793802e-01
   7.6103735e-01   8.9373815e-01   9.6242887e-01
   7.7077800e-01   9.0069574e-01   9.6691966e-01
   7.8051865e-01   9.0765339e-01   9.7141051e-01
   7.9025936e-01   9.1461098e-01   9.7590131e-01
   8.0000001e-01   9.2156863e-01   9.8039216e-01
   8.0000001e-01   9.2655975e-01   9.6399289e-01
   8.0000001e-01   9.3155080e-01   9.4759357e-01
   8.0000001e-01   9.3654191e-01   9.3119431e-01
   8.0000001e-01   9.4153297e-01   9.1479504e-01
   8.0000001e-01   9.4652408e-01   8.9839572e-01
   8.0000001e-01   9.5151514e-01   8.8199645e-01
   8.0000001e-01   9.5650625e-01   8.6559713e-01
   8.0000001e-01   9.6149731e-01   8.4919786e-01
   8.0000001e-01   9.6648842e-01   8.3279860e-01
   8.0000001e-01   9.7147948e-01   8.1639928e-01
   8.0000001e-01   9.7647059e-01   8.0000001e-01
   7.8713238e-01   9.6960783e-01   7.8676474e-01
   7.7426469e-01   9.6274507e-01   7.7352941e-01
   7.6139706e-01   9.5588237e-01   7.6029414e-01
   7.4852943e-01   9.4901961e-01   7.4705881e-01
   7.3566180e-01   9.4215685e-01   7.3382354e-01
   7.2279412e-01   9.3529415e-01   7.2058827e-01
   7.0992649e-01   9.2843139e-01   7.0735294e-01
   6.9705886e-01   9.2156863e-01   6.9411767e-01
   6.8419117e-01   9.1470587e-01   6.8088233e-01
   6.7132354e-01   9.0784311e-01   6.6764706e-01
   6.5845591e-01   9.0098041e-01   6.5441179e-01
   6.4558822e-01   8.9411765e-01   6.4117646e-01
   6.3272059e-01   8.8725489e-01   6.2794119e-01
   6.1985296e-01   8.8039219e-01   6.1470592e-01
   6.0698533e-01   8.7352943e-01   6.0147059e-01
   5.9411764e-01   8.6666667e-01   5.8823532e-01
   5.8125001e-01   8.5980392e-01   5.7499999e-01
   5.6838238e-01   8.5294116e-01   5.6176472e-01
   5.5551469e-01   8.4607846e-01   5.4852945e-01
   5.4264706e-01   8.3921570e-01   5.3529412e-01
   5.2977943e-01   8.3235294e-01   5.2205884e-01
   5.1691175e-01   8.2549024e-01   5.0882351e-01
   5.0404412e-01   8.1862748e-01   4.9558824e-01
   4.9117649e-01   8.1176472e-01   4.8235294e-01
   4.7830883e-01   8.0490196e-01   4.6911764e-01
   4.6544120e-01   7.9803920e-01   4.5588237e-01
   4.5257354e-01   7.9117650e-01   4.4264707e-01
   4.3970588e-01   7.8431374e-01   4.2941177e-01
   4.2683825e-01   7.7745098e-01   4.1617647e-01
   4.1397059e-01   7.7058828e-01   4.0294120e-01
   4.0110296e-01   7.6372552e-01   3.8970590e-01
   3.8823530e-01   7.5686276e-01   3.7647060e-01
   4.2013073e-01   7.6758170e-01   3.7568629e-01
   4.5202616e-01   7.7830064e-01   3.7490198e-01
   4.8392159e-01   7.8901964e-01   3.7411764e-01
   5.1581699e-01   7.9973859e-01   3.7333333e-01
   5.4771245e-01   8.1045753e-01   3.7254903e-01
   5.7960784e-01   8.2117647e-01   3.7176472e-01
   6.1150330e-01   8.3189541e-01   3.7098041e-01
   6.4339870e-01   8.4261441e-01   3.7019607e-01
   6.7529410e-01   8.5333335e-01   3.6941177e-01
   7.0718956e-01   8.6405230e-01   3.6862746e-01
   7.3908496e-01   8.7477124e-01   3.6784315e-01
   7.7098042e-01   8.8549018e-01   3.6705884e-01
   8.0287582e-01   8.9620918e-01   3.6627451e-01
   8.3477128e-01   9.0692812e-01   3.6549020e-01
   8.6666667e-01   9.1764706e-01   3.6470589e-01
   8.7072831e-01   9.1736698e-01   3.6456585e-01
   8.7478995e-01   9.1708684e-01   3.6442578e-01
   8.7885153e-01   9.1680670e-01   3.6428571e-01
   8.8291317e-01   9.1652662e-01   3.6414567e-01
   8.8697481e-01   9.1624653e-01   3.6400563e-01
   8.9103639e-01   9.1596639e-01   3.6386555e-01
   8.9509803e-01   9.1568625e-01   3.6372548e-01
   8.9915967e-01   9.1540617e-01   3.6358544e-01
   9.0322131e-01   9.1512609e-01   3.6344540e-01
   9.0728295e-01   9.1484594e-01   3.6330533e-01
   9.1134453e-01   9.1456580e-01   3.6316526e-01
   9.1540617e-01   9.1428572e-01   3.6302522e-01
   9.1946781e-01   9.1400564e-01   3.6288518e-01
   9.2352939e-01   9.1372550e-01   3.6274511e-01
   9.2759103e-01   9.1344535e-01   3.6260504e-01
   9.3165267e-01   9.1316527e-01   3.6246499e-01
   9.3571430e-01   9.1288519e-01   3.6232495e-01
   9.3977594e-01   9.1260505e-01   3.6218488e-01
   9.4383752e-01   9.1232491e-01   3.6204481e-01
   9.4789916e-01   9.1204482e-01   3.6190477e-01
   9.5196080e-01   9.1176474e-01   3.6176473e-01
   9.5602238e-01   9.1148460e-01   3.6162466e-01
   9.6008402e-01   9.1120446e-01   3.6148459e-01
   9.6414566e-01   9.1092438e-01   3.6134455e-01
   9.6820730e-01   9.1064429e-01   3.6120450e-01
   9.7226894e-01   9.1036415e-01   3.6106443e-01
   9.7633052e-01   9.1008401e-01   3.6092436e-01
   9.8039216e-01   9.0980393e-01   3.6078432e-01
   9.8037171e-01   9.0931779e-01   3.6058825e-01
   9.8035133e-01   9.0883172e-01   3.6039215e-01
   9.8033088e-01   9.0834558e-01   3.6019608e-01
   9.8025209e-01   9.0647060e-01   3.5943979e-01
   9.8017335e-01   9.0459555e-01   3.5868347e-01
   9.8009455e-01   9.0272057e-01   3.5792717e-01
   9.8001575e-01   9.0084559e-01   3.5717088e-01
   9.7993696e-01   8.9897060e-01   3.5641459e-01
   9.7985822e-01   8.9709556e-01   3.5565826e-01
   9.7977942e-01   8.9522058e-01   3.5490197e-01
   9.7891599e-01   8.7467134e-01   3.4661320e-01
   9.7805262e-01   8.5412210e-01   3.3832443e-01
   9.7718918e-01   8.3357286e-01   3.3003566e-01
   9.7632575e-01   8.1302363e-01   3.2174689e-01
   9.7546238e-01   7.9247439e-01   3.1345811e-01
   9.7459894e-01   7.7192515e-01   3.0516934e-01
   9.7373551e-01   7.5137591e-01   2.9688057e-01
   9.7287214e-01   7.3082662e-01   2.8859180e-01
   9.7200871e-01   7.1027738e-01   2.8030303e-01
   9.7114527e-01   6.8972814e-01   2.7201426e-01
   9.7028184e-01   6.6917890e-01   2.6372549e-01
   9.6941847e-01   6.4862967e-01   2.5543672e-01
   9.6855503e-01   6.2808043e-01   2.4714796e-01
   9.6769160e-01   6.0753119e-01   2.3885919e-01
   9.6682823e-01   5.8698195e-01   2.3057042e-01
   9.6596479e-01   5.6643271e-01   2.2228165e-01
   9.6510136e-01   5.4588348e-01   2.1399288e-01
   9.6423799e-01   5.2533424e-01   2.0570411e-01
   9.6337456e-01   5.0478500e-01   1.9741534e-01
   9.6251112e-01   4.8423573e-01   1.8912657e-01
   9.6164775e-01   4.6368650e-01   1.8083780e-01
   9.6078432e-01   4.4313726e-01   1.7254902e-01
   9.6078432e-01   4.4039217e-01   1.7137255e-01
   9.6078432e-01   4.3764707e-01   1.7019609e-01
   9.6078432e-01   4.3490195e-01   1.6901961e-01
   9.6078432e-01   4.3215686e-01   1.6784313e-01
   9.6078432e-01   4.2941177e-01   1.6666666e-01
   9.6078432e-01   4.2666668e-01   1.6549020e-01
   9.6078432e-01   4.2392159e-01   1.6431372e-01
   9.6078432e-01   4.2117646e-01   1.6313724e-01
   9.6078432e-01   4.1843137e-01   1.6196078e-01
   9.6078432e-01   4.1568628e-01   1.6078430e-01
   9.5595777e-01   4.0497738e-01   1.6063347e-01
   9.5113122e-01   3.9426848e-01   1.6048265e-01
   9.4630468e-01   3.8355958e-01   1.6033182e-01
   9.4147813e-01   3.7285069e-01   1.6018099e-01
   9.3665159e-01   3.6214179e-01   1.6003016e-01
   9.3182504e-01   3.5143289e-01   1.5987933e-01
   9.2699850e-01   3.4072399e-01   1.5972850e-01
   9.2217195e-01   3.3001509e-01   1.5957767e-01
   9.1734540e-01   3.1930619e-01   1.5942684e-01
   9.1251886e-01   3.0859730e-01   1.5927601e-01
   9.0769231e-01   2.9788840e-01   1.5912518e-01
   9.0286577e-01   2.8717950e-01   1.5897435e-01
   8.9803922e-01   2.7647060e-01   1.5882352e-01
   8.9321268e-01   2.6576167e-01   1.5867271e-01
   8.8838613e-01   2.5505278e-01   1.5852188e-01
   8.8355958e-01   2.4434389e-01   1.5837105e-01
   8.7873304e-01   2.3363499e-01   1.5822022e-01
   8.7390649e-01   2.2292610e-01   1.5806939e-01
   8.6907995e-01   2.1221720e-01   1.5791856e-01
   8.6425340e-01   2.0150828e-01   1.5776773e-01
   8.5942686e-01   1.9079939e-01   1.5761690e-01
   8.5460031e-01   1.8009049e-01   1.5746607e-01
   8.4977376e-01   1.6938159e-01   1.5731524e-01
   8.4494722e-01   1.5867269e-01   1.5716441e-01
   8.4012067e-01   1.4796379e-01   1.5701358e-01
   8.3529413e-01   1.3725489e-01   1.5686275e-01
   8.2745099e-01   1.2156863e-01   1.5686275e-01
   8.2061625e-01   1.2056022e-01   1.5529412e-01
   8.1378150e-01   1.1955182e-01   1.5372549e-01
   8.0694681e-01   1.1854342e-01   1.5215687e-01
   8.0011207e-01   1.1753502e-01   1.5058824e-01
   7.9327732e-01   1.1652661e-01   1.4901961e-01
   7.8644258e-01   1.1551820e-01   1.4745098e-01
   7.7960783e-01   1.1450981e-01   1.4588235e-01
   7.7277315e-01   1.1350140e-01   1.4431372e-01
   7.6593840e-01   1.1249300e-01   1.4274511e-01
   7.5910366e-01   1.1148459e-01   1.4117648e-01
   7.5226891e-01   1.1047619e-01   1.3960785e-01
   7.4543417e-01   1.0946779e-01   1.3803922e-01
   7.3859948e-01   1.0845938e-01   1.3647059e-01
   7.3176473e-01   1.0745098e-01   1.3490196e-01
   7.2492999e-01   1.0644258e-01   1.3333334e-01
   7.1809524e-01   1.0543417e-01   1.3176471e-01
   7.1126050e-01   1.0442577e-01   1.3019608e-01
   7.0442581e-01   1.0341737e-01   1.2862745e-01
   6.9759107e-01   1.0240897e-01   1.2705882e-01
   6.9075632e-01   1.0140056e-01   1.2549019e-01
   6.8392158e-01   1.0039216e-01   1.2392157e-01
   6.7708683e-01   9.9383757e-02   1.2235294e-01
   6.7025214e-01   9.8375350e-02   1.2078431e-01
   6.6341740e-01   9.7366951e-02   1.1921568e-01
   6.5658265e-01   9.6358545e-02   1.1764706e-01
   6.4974791e-01   9.5350139e-02   1.1607843e-01
   6.4291316e-01   9.4341740e-02   1.1450980e-01
   6.3607848e-01   9.3333334e-02   1.1294118e-01
   6.2924373e-01   9.2324935e-02   1.1137255e-01
   6.2240899e-01   9.1316529e-02   1.0980392e-01
   6.1557424e-01   9.0308122e-02   1.0823529e-01
   6.0873950e-01   8.9299724e-02   1.0666666e-01
   6.0190481e-01   8.8291317e-02   1.0509803e-01
   5.9507006e-01   8.7282918e-02   1.0352941e-01
   5.8823532e-01   8.6274512e-02   1.0196078e-01
   5.7254905e-01   8.2352944e-02   9.8039217e-02
