   3.9215686e-01   0.0000000e+00   5.8823529e-01
   3.6320021e-01   5.2691002e-03   5.9960975e-01
   3.3635605e-01   1.0971914e-02   6.1132177e-01
   3.1157046e-01   1.7108833e-02   6.2333914e-01
   2.8878955e-01   2.3680251e-02   6.3562965e-01
   2.6795939e-01   3.0686560e-02   6.4816108e-01
   2.4902609e-01   3.8128154e-02   6.6090122e-01
   2.3193574e-01   4.6005425e-02   6.7381785e-01
   2.1663443e-01   5.4318766e-02   6.8687875e-01
   2.0306824e-01   6.3068569e-02   7.0005172e-01
   1.9118328e-01   7.2255228e-02   7.1330454e-01
   1.8092564e-01   8.1879136e-02   7.2660499e-01
   1.7224140e-01   9.1940685e-02   7.3992087e-01
   1.6507666e-01   1.0244027e-01   7.5321995e-01
   1.5937751e-01   1.1337828e-01   7.6647002e-01
   1.5509004e-01   1.2475511e-01   7.7963887e-01
   1.5216035e-01   1.3657115e-01   7.9269428e-01
   1.5053453e-01   1.4882679e-01   8.0560404e-01
   1.5015866e-01   1.6152244e-01   8.1833593e-01
   1.5097885e-01   1.7465847e-01   8.3085774e-01
   1.5294118e-01   1.8823529e-01   8.4313725e-01
   1.5599174e-01   2.0225329e-01   8.5514226e-01
   1.6007663e-01   2.1671285e-01   8.6684054e-01
   1.6514194e-01   2.3161438e-01   8.7819989e-01
   1.7113377e-01   2.4695826e-01   8.8918808e-01
   1.7799819e-01   2.6274489e-01   8.9977290e-01
   1.8568131e-01   2.7897466e-01   9.0992214e-01
   1.9412922e-01   2.9564797e-01   9.1960358e-01
   2.0328801e-01   3.1276520e-01   9.2878501e-01
   2.1310377e-01   3.3032675e-01   9.3743422e-01
   2.2352260e-01   3.4833301e-01   9.4551899e-01
   2.3449058e-01   3.6678437e-01   9.5300710e-01
   2.4595381e-01   3.8568123e-01   9.5986635e-01
   2.5785838e-01   4.0502399e-01   9.6606451e-01
   2.7015038e-01   4.2481302e-01   9.7156937e-01
   2.8277590e-01   4.4504873e-01   9.7634872e-01
   2.9568104e-01   4.6573151e-01   9.8037035e-01
   3.0881189e-01   4.8686176e-01   9.8360203e-01
   3.2211454e-01   5.0843985e-01   9.8601156e-01
   3.3553508e-01   5.3046619e-01   9.8756672e-01
   3.4901961e-01   5.5294118e-01   9.8823529e-01
   3.6251371e-01   5.7584519e-01   9.8799572e-01
   3.7596095e-01   5.9907863e-01   9.8686900e-01
   3.8930441e-01   6.2252187e-01   9.8488680e-01
   4.0248715e-01   6.4605532e-01   9.8208079e-01
   4.1545225e-01   6.6955935e-01   9.7848262e-01
   4.2814276e-01   6.9291437e-01   9.7412396e-01
   4.4050177e-01   7.1600074e-01   9.6903646e-01
   4.5247234e-01   7.3869887e-01   9.6325178e-01
   4.6399754e-01   7.6088915e-01   9.5680159e-01
   4.7502044e-01   7.8245196e-01   9.4971754e-01
   4.8548410e-01   8.0326769e-01   9.4203130e-01
   4.9533160e-01   8.2321673e-01   9.3377453e-01
   5.0450601e-01   8.4217947e-01   9.2497888e-01
   5.1295040e-01   8.6003630e-01   9.1567602e-01
   5.2060782e-01   8.7666761e-01   9.0589761e-01
   5.2742136e-01   8.9195378e-01   8.9567531e-01
   5.3333409e-01   9.0577520e-01   8.8504078e-01
   5.3828906e-01   9.1801227e-01   8.7402567e-01
   5.4222935e-01   9.2854538e-01   8.6266166e-01
   5.4509804e-01   9.3725490e-01   8.5098039e-01
   5.4684902e-01   9.4405467e-01   8.3900968e-01
   5.4747957e-01   9.4899224e-01   8.2676189e-01
   5.4699777e-01   9.5214861e-01   8.1424554e-01
   5.4541174e-01   9.5360477e-01   8.0146915e-01
   5.4272958e-01   9.5344171e-01   7.8844122e-01
   5.3895939e-01   9.5174042e-01   7.7517026e-01
   5.3410927e-01   9.4858190e-01   7.6166481e-01
   5.2818732e-01   9.4404715e-01   7.4793335e-01
   5.2120165e-01   9.3821714e-01   7.3398442e-01
   5.1316035e-01   9.3117288e-01   7.1982652e-01
   5.0407154e-01   9.2299536e-01   7.0546817e-01
   4.9394330e-01   9.1376557e-01   6.9091789e-01
   4.8278375e-01   9.0356450e-01   6.7618417e-01
   4.7060098e-01   8.9247315e-01   6.6127555e-01
   4.5740310e-01   8.8057251e-01   6.4620053e-01
   4.4319821e-01   8.6794357e-01   6.3096763e-01
   4.2799442e-01   8.5466733e-01   6.1558535e-01
   4.1179981e-01   8.4082478e-01   6.0006222e-01
   3.9462250e-01   8.2649691e-01   5.8440675e-01
   3.7647059e-01   8.1176471e-01   5.6862745e-01
   3.5738727e-01   7.9671406e-01   5.5274203e-01
   3.3755608e-01   7.8145044e-01   5.3680500e-01
   3.1719568e-01   7.6608417e-01   5.2088004e-01
   2.9652470e-01   7.5072560e-01   5.0503085e-01
   2.7576178e-01   7.3548508e-01   4.8932114e-01
   2.5512556e-01   7.2047296e-01   4.7381459e-01
   2.3483468e-01   7.0579958e-01   4.5857491e-01
   2.1510778e-01   6.9157529e-01   4.4366579e-01
   1.9616351e-01   6.7791043e-01   4.2915092e-01
   1.7822050e-01   6.6491534e-01   4.1509401e-01
   1.6149740e-01   6.5270039e-01   4.0155874e-01
   1.4621284e-01   6.4137590e-01   3.8860882e-01
   1.3258546e-01   6.3105223e-01   3.7630795e-01
   1.2083391e-01   6.2183972e-01   3.6471981e-01
   1.1117682e-01   6.1384872e-01   3.5390811e-01
   1.0383284e-01   6.0718957e-01   3.4393654e-01
   9.9020606e-02   6.0197262e-01   3.3486879e-01
   9.6958758e-02   5.9830822e-01   3.2676857e-01
   9.7865937e-02   5.9630671e-01   3.1969957e-01
   1.0196078e-01   5.9607843e-01   3.1372549e-01
   1.0938427e-01   5.9769348e-01   3.0889180e-01
   1.1996670e-01   6.0106091e-01   3.0517106e-01
   1.3346069e-01   6.0604953e-01   3.0251764e-01
   1.4961888e-01   6.1252813e-01   3.0088587e-01
   1.6819390e-01   6.2036551e-01   3.0023011e-01
   1.8893839e-01   6.2943048e-01   3.0050470e-01
   2.1160496e-01   6.3959183e-01   3.0166399e-01
   2.3594625e-01   6.5071837e-01   3.0366232e-01
   2.6171490e-01   6.6267890e-01   3.0645405e-01
   2.8866352e-01   6.7534221e-01   3.0999353e-01
   3.1654476e-01   6.8857711e-01   3.1423509e-01
   3.4511124e-01   7.0225240e-01   3.1913309e-01
   3.7411559e-01   7.1623687e-01   3.2464188e-01
   4.0331045e-01   7.3039934e-01   3.3071580e-01
   4.3244844e-01   7.4460859e-01   3.3730920e-01
   4.6128219e-01   7.5873343e-01   3.4437643e-01
   4.8956434e-01   7.7264267e-01   3.5187183e-01
   5.1704751e-01   7.8620509e-01   3.5974976e-01
   5.4348434e-01   7.9928950e-01   3.6796457e-01
   5.6862745e-01   8.1176471e-01   3.7647059e-01
   5.9228349e-01   8.2352525e-01   3.8522313e-01
   6.1447517e-01   8.3456866e-01   3.9418134e-01
   6.3527921e-01   8.4491821e-01   4.0330528e-01
   6.5477232e-01   8.5459718e-01   4.1255507e-01
   6.7303124e-01   8.6362885e-01   4.2189077e-01
   6.9013266e-01   8.7203649e-01   4.3127249e-01
   7.0615333e-01   8.7984338e-01   4.4066032e-01
   7.2116995e-01   8.8707279e-01   4.5001434e-01
   7.3525926e-01   8.9374799e-01   4.5929463e-01
   7.4849796e-01   8.9989228e-01   4.6846130e-01
   7.6096278e-01   9.0552891e-01   4.7747443e-01
   7.7273044e-01   9.1068117e-01   4.8629411e-01
   7.8387766e-01   9.1537233e-01   4.9488043e-01
   7.9448116e-01   9.1962567e-01   5.0319347e-01
   8.0461766e-01   9.2346446e-01   5.1119334e-01
   8.1436389e-01   9.2691199e-01   5.1884011e-01
   8.2379655e-01   9.2999152e-01   5.2609387e-01
   8.3299238e-01   9.3272633e-01   5.3291472e-01
   8.4202808e-01   9.3513970e-01   5.3926275e-01
   8.5098039e-01   9.3725490e-01   5.4509804e-01
   8.5990920e-01   9.3908592e-01   5.5038724e-01
   8.6880712e-01   9.4060955e-01   5.5512320e-01
   8.7764992e-01   9.4179331e-01   5.5930534e-01
   8.8641339e-01   9.4260471e-01   5.6293308e-01
   8.9507331e-01   9.4301124e-01   5.6600581e-01
   9.0360547e-01   9.4298042e-01   5.6852297e-01
   9.1198564e-01   9.4247976e-01   5.7048395e-01
   9.2018962e-01   9.4147676e-01   5.7188818e-01
   9.2819317e-01   9.3993893e-01   5.7273506e-01
   9.3597209e-01   9.3783378e-01   5.7302401e-01
   9.4350216e-01   9.3512882e-01   5.7275444e-01
   9.5075915e-01   9.3179155e-01   5.7192577e-01
   9.5771886e-01   9.2778949e-01   5.7053740e-01
   9.6435706e-01   9.2309014e-01   5.6858874e-01
   9.7064953e-01   9.1766100e-01   5.6607922e-01
   9.7657207e-01   9.1146959e-01   5.6300825e-01
   9.8210044e-01   9.0448342e-01   5.5937523e-01
   9.8721044e-01   8.9666998e-01   5.5517958e-01
   9.9187784e-01   8.8799680e-01   5.5042071e-01
   9.9607843e-01   8.7843137e-01   5.4509804e-01
   9.9979343e-01   8.6795411e-01   5.3921468e-01
   1.0000000e+00   8.5659705e-01   5.3278861e-01
   1.0000000e+00   8.4440511e-01   5.2584148e-01
   1.0000000e+00   8.3142321e-01   5.1839498e-01
   1.0000000e+00   8.1769630e-01   5.1047077e-01
   1.0000000e+00   8.0326929e-01   5.0209053e-01
   1.0000000e+00   7.8818711e-01   4.9327593e-01
   1.0000000e+00   7.7249470e-01   4.8404863e-01
   1.0000000e+00   7.5623698e-01   4.7443031e-01
   1.0000000e+00   7.3945888e-01   4.6444265e-01
   1.0000000e+00   7.2220533e-01   4.5410731e-01
   1.0000000e+00   7.0452125e-01   4.4344596e-01
   1.0000000e+00   6.8645158e-01   4.3248028e-01
   1.0000000e+00   6.6804124e-01   4.2123194e-01
   1.0000000e+00   6.4933516e-01   4.0972261e-01
   1.0000000e+00   6.3037827e-01   3.9797396e-01
   9.9929580e-01   6.1121550e-01   3.8600766e-01
   9.9594626e-01   5.9189178e-01   3.7384539e-01
   9.9225663e-01   5.7245202e-01   3.6150882e-01
   9.8823529e-01   5.5294118e-01   3.4901961e-01
   9.8388964e-01   5.3340057e-01   3.3640599e-01
   9.7922311e-01   5.1385715e-01   3.2372236e-01
   9.7423814e-01   4.9433430e-01   3.1102970e-01
   9.6893717e-01   4.7485539e-01   2.9838896e-01
   9.6332265e-01   4.5544377e-01   2.8586109e-01
   9.5739700e-01   4.3612283e-01   2.7350706e-01
   9.5116268e-01   4.1691591e-01   2.6138783e-01
   9.4462212e-01   3.9784640e-01   2.4956436e-01
   9.3777776e-01   3.7893766e-01   2.3809761e-01
   9.3063204e-01   3.6021305e-01   2.2704853e-01
   9.2318742e-01   3.4169595e-01   2.1647809e-01
   9.1544631e-01   3.2340972e-01   2.0644725e-01
   9.0741117e-01   3.0537773e-01   1.9701696e-01
   8.9908444e-01   2.8762334e-01   1.8824819e-01
   8.9046856e-01   2.7016992e-01   1.8020190e-01
   8.8156596e-01   2.5304085e-01   1.7293904e-01
   8.7237909e-01   2.3625948e-01   1.6652058e-01
   8.6291039e-01   2.1984919e-01   1.6100748e-01
   8.5316230e-01   2.0383334e-01   1.5646069e-01
   8.4313725e-01   1.8823529e-01   1.5294118e-01
   8.3283770e-01   1.7307843e-01   1.5050990e-01
   8.2226608e-01   1.5838611e-01   1.4922782e-01
   8.1142483e-01   1.4418170e-01   1.4915589e-01
   8.0031639e-01   1.3048856e-01   1.5035507e-01
   7.8894321e-01   1.1733008e-01   1.5288634e-01
   7.7730772e-01   1.0472960e-01   1.5681063e-01
   7.6541236e-01   9.2710510e-02   1.6218892e-01
   7.5325957e-01   8.1296163e-02   1.6908217e-01
   7.4085180e-01   7.0509932e-02   1.7755132e-01
   7.2819149e-01   6.0375182e-02   1.8765735e-01
   7.1528107e-01   5.0915282e-02   1.9946122e-01
   7.0212298e-01   4.2153598e-02   2.1302388e-01
   6.8871968e-01   3.4113499e-02   2.2840629e-01
   6.7507359e-01   2.6818350e-02   2.4566941e-01
   6.6118716e-01   2.0291520e-02   2.6487420e-01
   6.4706283e-01   1.4556375e-02   2.8608163e-01
   6.3270303e-01   9.6362838e-03   3.0935265e-01
   6.1811022e-01   5.5546125e-03   3.3474822e-01
   6.0328683e-01   2.3347288e-03   3.6232931e-01
   5.8823529e-01   0.0000000e+00   3.9215686e-01
